E(目的関数) :  0.011584502360253412
反復回数 :  66
PnPLで求めたカメラ位置
 [[1.03091160]
 [3.95705736]
 [1.35087404]] 

PnPLで求めた回転行列
 [[ 0.87958345  0.47574117  0.00181680]
 [-0.00033102  0.00443086 -0.99999013]
 [-0.47574452  0.87957416  0.00405479]] 

カメラ位置(真値):
 [[1.00000000]
 [4.00000000]
 [1.36000000]] 

回転行列(真値):
 [[ 0.86602540  0.50000000  0.00000000]
 [ 0.00000000  0.00000000 -1.00000000]
 [-0.50000000  0.86602540  0.00000000]]
R_error:
 [[ 0.01355805 -0.02425883  0.00181680]
 [-0.00033102  0.00443086  0.00000987]
 [ 0.02425548  0.01354876  0.00405479]]
C_error:
 [[ 0.03091160]
 [-0.04294264]
 [-0.00912596]]